40 15 200000 ! num target states / num intial bound states / num total points in individual files
  1    4    3   9   0   !IND (2S+1) L (2J) PI
  2    4    3   7   0
  3    4    3   5   0
  4    4    3   3   0
  5    4    1   5   0
  6    4    1   3   0
  7    4    1   1   0
  8    2    4   9   0
  9    2    4   7   0
 10    2    1   3   0
 11    2    1   1   0
 12    2    5  11   0
 13    2    2   5   0
 14    2    5   9   0
 15    2    2   3   0
 16    2    3   5   0
 17    2    3   7   0
 18    6    2   9   0
 19    6    2   7   0
 20    6    2   5   0
 21    6    2   3   0
 22    6    2   1   0
 23    4    2   7   0
 24    4    2   5   0
 25    4    2   3   0
 26    4    2   1   0
 27    2    2   3   0
 28    2    2   5   0
 29    4    2   5   0
 30    4    5  13   0
 31    2    5  11   0
 32    2    5   9   0
 33    4    5   7   0
 34    4    1   3   0
 35    4    1   1   0
 36    4    3   9   0
 37    4    3   7   0
 38    4    3   5   0
 39    4    3   3   0
 40    4    4  11   0
  1    3    3   8   0  3d(8)       1
  2    3    3   6   0  3d(8)       1
  3    3    3   4   0  3d(8)       1
  4    5    3  10   0  3d(7)4s     1
  5    5    3   8   0  3d(7)4s     1
  6    5    3   6   0  3d(7)4s     1
  7    5    3   4   0  3d(7)4s     1
  8    5    3   2   0  3d(7)4s     1
  9    3    3   8   0  3d(7)4s     0
 10    3    3   6   0  3d(7)4s     0
 11    3    3   4   0  3d(7)4s     0
 12    1    2   4   0  3d(8)       0
 13    3    1   4   0  3d(8)       0
 14    3    1   2   0  3d(8)       0
 15    3    1   0   0  3d(8)       0
